,I1,I10,I11,I12,I16,I2,I3,I4,I5,I6,I7,I8,I9,N10,N12,N16,N18,N19,N20,N21,N22,N23,N24,N26,N27,N29,N30,N31,N32,N8,N9
I1,0,-4.14,10.675,6.714,9.159,-3.664,4.702,16.761*,13.289,10.523,-2.157,-12.838*,2.499,20.608**,0.055,-4.428,10.647,15.093,-5.035,2.027,-6.053,-10.002,-11.658*,3.482,5.184,8.929,-7.277,5.716,2.942,-4.957,-8.713
I10,4.14,0,14.815,10.854,13.299,0.476,8.842,20.901**,17.429*,14.663,1.984,-8.698,6.639,24.748**,4.195,-0.288,14.787,19.233*,-0.895,6.167,-1.913,-5.861,-7.518,7.622,9.324,13.069,-3.137,9.856,7.082,-0.817,-4.573
I11,-10.675,-14.815,0,-3.961,-1.516,-14.338,-5.972,6.086,2.614,-0.152,-12.831,-23.513**,-8.176,9.933,-10.62,-15.103,-0.028,4.418,-15.709*,-8.648,-16.728*,-20.676**,-22.333**,-7.193,-5.491,-1.746,-17.952*,-4.959,-7.733,-15.632,-19.388**
I12,-6.714,-10.854,3.961,0,2.445,-10.377,-2.011,10.048,6.575,3.809,-8.87,-19.552**,-4.215,13.894,-6.659,-11.142,3.933,8.379,-11.748*,-4.686,-12.767*,-16.715**,-18.372**,-3.232,-1.529,2.216,-13.991*,-0.998,-3.772,-11.671,-15.426**
I16,-9.159,-13.299,1.516,-2.445,0,-12.822,-4.456,7.603,4.13,1.364,-11.315,-21.997*,-6.66,11.449,-9.104,-13.587,1.488,5.934,-14.193,-7.132,-15.212,-19.16,-20.817*,-5.677,-3.975,-0.23,-16.436,-3.443,-6.217,-14.116,-17.872
I2,3.664,-0.476,14.338,10.377,12.822,0,8.366,20.425*,16.952*,14.187,1.507,-9.175,6.163,24.271**,3.719,-0.764,14.311,18.757*,-1.371,5.691,-2.389,-6.338,-7.995,7.145,8.848,12.593,-3.613,9.38,6.606,-1.293,-5.049
I3,-4.702,-8.842,5.972,2.011,4.456,-8.366,0,12.059,8.586,5.821,-6.859,-17.541**,-2.203,15.905,-4.647,-9.13,5.945,10.391,-9.737,-2.675,-10.755,-14.704*,-16.361**,-1.221,0.482,4.227,-11.979,1.014,-1.76,-9.659,-13.415*
I4,-16.761*,-20.901**,-6.086,-10.048,-7.603,-20.425*,-12.059,0,-3.473,-6.238,-18.918*,-29.6**,-14.262,3.847,-16.706,-21.189*,-6.114,-1.668,-21.796**,-14.734,-22.814**,-26.763**,-28.42**,-13.28,-11.577,-7.832,-24.038**,-11.045,-13.819,-21.718*,-25.474**
I5,-13.289,-17.429*,-2.614,-6.575,-4.13,-16.952*,-8.586,3.473,0,-2.766,-15.445,-26.127**,-10.79,7.319,-13.234,-17.717*,-2.642,1.804,-18.323**,-11.261,-19.342**,-23.29**,-24.947**,-9.807,-8.104,-4.359,-20.566**,-7.573,-10.347,-18.246,-22.001**
I6,-10.523,-14.663,0.152,-3.809,-1.364,-14.187,-5.821,6.238,2.766,0,-12.68,-23.361**,-8.024,10.085,-10.468,-14.951,0.124,4.57,-15.558*,-8.496,-16.576*,-20.525**,-22.181**,-7.041,-5.339,-1.594,-17.8*,-4.807,-7.581,-15.48,-19.236**
I7,2.157,-1.984,12.831,8.87,11.315,-1.507,6.859,18.918*,15.445,12.68,0,-10.682,4.656,22.764**,2.212,-2.271,12.804,17.25,-2.878,4.184,-3.896,-7.845,-9.502,5.638,7.341,11.086,-5.12,7.873,5.099,-2.8,-6.556
I8,12.838*,8.698,23.513**,19.552**,21.997*,9.175,17.541**,29.6**,26.127**,23.361**,10.682,0,15.337*,33.446**,12.893,8.41,23.485**,27.931**,7.804,14.866*,6.785,2.837,1.18,16.32**,18.023**,21.768**,5.561,18.554**,15.78*,7.881,4.126
I9,-2.499,-6.639,8.176,4.215,6.66,-6.163,2.203,14.262,10.79,8.024,-4.656,-15.337*,0,18.109,-2.444,-6.927,8.148,12.594,-7.534,-0.472,-8.552,-12.501,-14.157*,0.983,2.685,6.43,-9.776,3.217,0.443,-7.456,-11.212
N10,-20.608**,-24.748**,-9.933,-13.894,-11.449,-24.271**,-15.905,-3.847,-7.319,-10.085,-22.764**,-33.446**,-18.109,0,-20.553*,-25.036**,-9.961,-5.515,-25.642**,-18.581,-26.661**,-30.609**,-32.266**,-17.126*,-15.424,-11.679,-27.885**,-14.892,-17.666*,-25.565**,-29.321**
N12,-0.055,-4.195,10.62,6.659,9.104,-3.719,4.647,16.706,13.234,10.468,-2.212,-12.893,2.444,20.553*,0,-4.483,10.592,15.038,-5.09,1.972,-6.108,-10.057,-11.713,3.427,5.129,8.874,-7.332,5.661,2.887,-5.012,-8.768
N16,4.428,0.288,15.103,11.142,13.587,0.764,9.13,21.189*,17.717*,14.951,2.271,-8.41,6.927,25.036**,4.483,0,15.075,19.521*,-0.607,6.455,-1.625,-5.573,-7.23,7.91,9.612,13.357,-2.849,10.144,7.37,-0.529,-4.285
N18,-10.647,-14.787,0.028,-3.933,-1.488,-14.311,-5.945,6.114,2.642,-0.124,-12.804,-23.485**,-8.148,9.961,-10.592,-15.075,0,4.446,-15.682*,-8.62,-16.7*,-20.648**,-22.305**,-7.165,-5.463,-1.718,-17.924*,-4.931,-7.705,-15.604,-19.36**
N19,-15.093,-19.233*,-4.418,-8.379,-5.934,-18.757*,-10.391,1.668,-1.804,-4.57,-17.25,-27.931**,-12.594,5.515,-15.038,-19.521*,-4.446,0,-20.128**,-13.066,-21.146**,-25.094**,-26.751**,-11.611,-9.909,-6.164,-22.37**,-9.377,-12.151,-20.05,-23.806**
N20,5.035,0.895,15.709*,11.748*,14.193,1.371,9.737,21.796**,18.323**,15.558*,2.878,-7.804,7.534,25.642**,5.09,0.607,15.682*,20.128**,0,7.062,-1.018,-4.967,-6.624,8.516,10.219,13.964,-2.242,10.751,7.977,0.078,-3.678
N21,-2.027,-6.167,8.648,4.686,7.132,-5.691,2.675,14.734,11.261,8.496,-4.184,-14.866*,0.472,18.581,-1.972,-6.455,8.62,13.066,-7.062,0,-8.08,-12.029,-13.686*,1.454,3.157,6.902,-9.304,3.689,0.915,-6.984,-10.74
N22,6.053,1.913,16.728*,12.767*,15.212,2.389,10.755,22.814**,19.342**,16.576*,3.896,-6.785,8.552,26.661**,6.108,1.625,16.7*,21.146**,1.018,8.08,0,-3.948,-5.605,9.535,11.237,14.982*,-1.224,11.769,8.995,1.096,-2.66
N23,10.002,5.861,20.676**,16.715**,19.16,6.338,14.704*,26.763**,23.29**,20.525**,7.845,-2.837,12.501,30.609**,10.057,5.573,20.648**,25.094**,4.967,12.029,3.948,0,-1.657,13.483*,15.186*,18.931**,2.724,15.718*,12.944,5.045,1.289
N24,11.658*,7.518,22.333**,18.372**,20.817*,7.995,16.361**,28.42**,24.947**,22.181**,9.502,-1.18,14.157*,32.266**,11.713,7.23,22.305**,26.751**,6.624,13.686*,5.605,1.657,0,15.14**,16.842**,20.587**,4.381,17.374**,14.6*,6.701,2.945
N26,-3.482,-7.622,7.193,3.232,5.677,-7.145,1.221,13.28,9.807,7.041,-5.638,-16.32**,-0.983,17.126*,-3.427,-7.91,7.165,11.611,-8.516,-1.454,-9.535,-13.483*,-15.14**,0,1.703,5.448,-10.759,2.234,-0.54,-8.439,-12.194*
N27,-5.184,-9.324,5.491,1.529,3.975,-8.848,-0.482,11.577,8.104,5.339,-7.341,-18.023**,-2.685,15.424,-5.129,-9.612,5.463,9.909,-10.219,-3.157,-11.237,-15.186*,-16.842**,-1.703,0,3.745,-12.461,0.532,-2.242,-10.141,-13.897*
N29,-8.929,-13.069,1.746,-2.216,0.23,-12.593,-4.227,7.832,4.359,1.594,-11.086,-21.768**,-6.43,11.679,-8.874,-13.357,1.718,6.164,-13.964,-6.902,-14.982*,-18.931**,-20.587**,-5.448,-3.745,0,-16.206*,-3.213,-5.987,-13.886,-17.642**
N30,7.277,3.137,17.952*,13.991*,16.436,3.613,11.979,24.038**,20.566**,17.8*,5.12,-5.561,9.776,27.885**,7.332,2.849,17.924*,22.37**,2.242,9.304,1.224,-2.724,-4.381,10.759,12.461,16.206*,0,12.993,10.219,2.32,-1.436
N31,-5.716,-9.856,4.959,0.998,3.443,-9.38,-1.014,11.045,7.573,4.807,-7.873,-18.554**,-3.217,14.892,-5.661,-10.144,4.931,9.377,-10.751,-3.689,-11.769,-15.718*,-17.374**,-2.234,-0.532,3.213,-12.993,0,-2.774,-10.673,-14.429*
N32,-2.942,-7.082,7.733,3.772,6.217,-6.606,1.76,13.819,10.347,7.581,-5.099,-15.78*,-0.443,17.666*,-2.887,-7.37,7.705,12.151,-7.977,-0.915,-8.995,-12.944,-14.6*,0.54,2.242,5.987,-10.219,2.774,0,-7.899,-11.655
N8,4.957,0.817,15.632,11.671,14.116,1.293,9.659,21.718*,18.246,15.48,2.8,-7.881,7.456,25.565**,5.012,0.529,15.604,20.05,-0.078,6.984,-1.096,-5.045,-6.701,8.439,10.141,13.886,-2.32,10.673,7.899,0,-3.756
N9,8.713,4.573,19.388**,15.426**,17.872,5.049,13.415*,25.474**,22.001**,19.236**,6.556,-4.126,11.212,29.321**,8.768,4.285,19.36**,23.806**,3.678,10.74,2.66,-1.289,-2.945,12.194*,13.897*,17.642**,1.436,14.429*,11.655,3.756,0
