,I1,I10,I11,I12,I16,I2,I3,I4,I5,I6,I7,I8,I9,N10,N12,N16,N18,N19,N20,N21,N22,N23,N24,N26,N27,N29,N30,N31,N32,N8,N9
I1,0,-0.083,0.35,0.16,0.277,-0.09,0.175,0.446*,0.31,0.219,0.01,-0.315*,0.032,0.428*,-0.023,-0.05,0.267,0.447,-0.127,0.085,-0.056,-0.188,-0.237,0.143,0.157,0.269,-0.167,0.066,0.048,-0.032,-0.245
I10,0.083,0,0.433,0.243,0.36,-0.007,0.257,0.528*,0.393,0.301,0.093,-0.232,0.115,0.511*,0.06,0.033,0.35,0.53*,-0.044,0.167,0.027,-0.106,-0.154,0.225,0.24,0.351,-0.084,0.149,0.131,0.051,-0.162
I11,-0.35,-0.433,0,-0.19,-0.073,-0.44,-0.175,0.096,-0.04,-0.131,-0.34,-0.665**,-0.318,0.078,-0.373,-0.4,-0.083,0.097,-0.477*,-0.265,-0.406,-0.538*,-0.587**,-0.207,-0.193,-0.081,-0.517*,-0.284,-0.302,-0.382,-0.595**
I12,-0.16,-0.243,0.19,0,0.117,-0.25,0.015,0.286,0.15,0.058,-0.15,-0.475**,-0.128,0.268,-0.183,-0.21,0.107,0.287,-0.287,-0.075,-0.216,-0.348*,-0.397**,-0.017,-0.003,0.109,-0.327*,-0.094,-0.112,-0.192,-0.405**
I16,-0.277,-0.36,0.073,-0.117,0,-0.367,-0.103,0.169,0.033,-0.059,-0.267,-0.592*,-0.245,0.151,-0.3,-0.327,-0.01,0.17,-0.404,-0.193,-0.333,-0.466,-0.514,-0.135,-0.12,-0.009,-0.444,-0.211,-0.229,-0.309,-0.522*
I2,0.09,0.007,0.44,0.25,0.367,0,0.264,0.536**,0.4,0.308,0.1,-0.225,0.122,0.518*,0.067,0.04,0.357,0.537*,-0.037,0.175,0.034,-0.099,-0.147,0.232,0.247,0.358,-0.077,0.156,0.138,0.058,-0.155
I3,-0.175,-0.257,0.175,-0.015,0.103,-0.264,0,0.271,0.136,0.044,-0.164,-0.489**,-0.142,0.253,-0.197,-0.224,0.093,0.273,-0.301,-0.09,-0.231,-0.363*,-0.411**,-0.032,-0.018,0.094,-0.341*,-0.108,-0.126,-0.206,-0.42**
I4,-0.446*,-0.528*,-0.096,-0.286,-0.169,-0.536**,-0.271,0,-0.135,-0.227,-0.436,-0.761**,-0.414,-0.018,-0.469,-0.496*,-0.179,0.001,-0.572**,-0.361,-0.502*,-0.634**,-0.683**,-0.303,-0.289,-0.177,-0.613**,-0.379,-0.397,-0.477,-0.691**
I5,-0.31,-0.393,0.04,-0.15,-0.033,-0.4,-0.136,0.135,0,-0.092,-0.3,-0.625**,-0.278,0.118,-0.333,-0.36,-0.043,0.137,-0.437*,-0.226,-0.367,-0.499*,-0.547**,-0.168,-0.153,-0.042,-0.477**,-0.244,-0.262,-0.342,-0.555**
I6,-0.219,-0.301,0.131,-0.058,0.059,-0.308,-0.044,0.227,0.092,0,-0.208,-0.533**,-0.186,0.21,-0.241,-0.268,0.049,0.229,-0.345*,-0.134,-0.275,-0.407*,-0.455**,-0.076,-0.061,0.05,-0.385*,-0.152,-0.17,-0.25,-0.464**
I7,-0.01,-0.093,0.34,0.15,0.267,-0.1,0.164,0.436,0.3,0.208,0,-0.325*,0.022,0.418,-0.033,-0.06,0.257,0.437,-0.137,0.075,-0.066,-0.198,-0.247,0.133,0.147,0.258,-0.177,0.056,0.038,-0.042,-0.255
I8,0.315*,0.232,0.665**,0.475**,0.592*,0.225,0.489**,0.761**,0.625**,0.533**,0.325*,0,0.347*,0.743**,0.292,0.265,0.582**,0.762**,0.188,0.399*,0.259,0.126,0.078,0.457**,0.472**,0.583**,0.148,0.381*,0.363*,0.283,0.07
I9,-0.032,-0.115,0.318,0.128,0.245,-0.122,0.142,0.414,0.278,0.186,-0.022,-0.347*,0,0.396,-0.055,-0.082,0.235,0.415,-0.159,0.052,-0.088,-0.221,-0.269,0.11,0.125,0.236,-0.199,0.034,0.016,-0.064,-0.277
N10,-0.428*,-0.511*,-0.078,-0.268,-0.151,-0.518**,-0.253,0.018,-0.118,-0.21,-0.418,-0.743**,-0.396,0,-0.451,-0.478*,-0.161,0.019,-0.555**,-0.343,-0.484*,-0.616**,-0.665**,-0.285,-0.271,-0.159,-0.595**,-0.362,-0.38,-0.46,-0.673**
N12,0.023,-0.06,0.373,0.183,0.3,-0.067,0.197,0.469,0.333,0.241,0.033,-0.292,0.055,0.451,0,-0.027,0.29,0.47,-0.104,0.107,-0.033,-0.166,-0.214,0.165,0.18,0.291,-0.144,0.089,0.071,-0.009,-0.222
N16,0.05,-0.033,0.4,0.21,0.327,-0.04,0.224,0.496*,0.36,0.268,0.06,-0.265,0.082,0.478*,0.027,0,0.317,0.497*,-0.077,0.134,-0.006,-0.139,-0.187,0.192,0.207,0.318,-0.117,0.116,0.098,0.018,-0.195
N18,-0.267,-0.35,0.083,-0.107,0.01,-0.357,-0.093,0.179,0.043,-0.049,-0.257,-0.582**,-0.235,0.161,-0.29,-0.317,0,0.18,-0.394,-0.182,-0.323,-0.456*,-0.504**,-0.125,-0.11,0.001,-0.434*,-0.201,-0.219,-0.299,-0.512**
N19,-0.447,-0.53*,-0.097,-0.287,-0.17,-0.537*,-0.273,-0.001,-0.137,-0.229,-0.437,-0.762**,-0.415,-0.019,-0.47,-0.497*,-0.18,0,-0.574**,-0.363,-0.503*,-0.636**,-0.684**,-0.305,-0.29,-0.179,-0.614**,-0.381,-0.399,-0.479,-0.692**
N20,0.127,0.044,0.477*,0.287,0.404,0.037,0.301,0.572**,0.437*,0.345*,0.137,-0.188,0.159,0.555**,0.104,0.077,0.394,0.574**,0,0.211,0.071,-0.062,-0.11,0.269,0.284,0.395*,-0.04,0.193,0.175,0.095,-0.118
N21,-0.085,-0.167,0.265,0.075,0.193,-0.175,0.09,0.361,0.226,0.134,-0.075,-0.399*,-0.052,0.343,-0.107,-0.134,0.182,0.363,-0.211,0,-0.141,-0.273,-0.322,0.058,0.072,0.184,-0.251,-0.018,-0.036,-0.116,-0.33
N22,0.056,-0.027,0.406,0.216,0.333,-0.034,0.231,0.502*,0.367,0.275,0.066,-0.259,0.088,0.484*,0.033,0.006,0.323,0.503*,-0.071,0.141,0,-0.132,-0.181,0.199,0.213,0.325,-0.111,0.122,0.105,0.024,-0.189
N23,0.188,0.106,0.538*,0.348*,0.466,0.099,0.363*,0.634**,0.499*,0.407*,0.198,-0.126,0.221,0.616**,0.166,0.139,0.456*,0.636**,0.062,0.273,0.132,0,-0.048,0.331,0.345,0.457*,0.022,0.255,0.237,0.157,-0.057
N24,0.237,0.154,0.587**,0.397**,0.514,0.147,0.411**,0.683**,0.547**,0.455**,0.247,-0.078,0.269,0.665**,0.214,0.187,0.504**,0.684**,0.11,0.322,0.181,0.048,0,0.379**,0.394*,0.505**,0.07,0.303,0.285,0.205,-0.008
N26,-0.143,-0.225,0.207,0.017,0.135,-0.232,0.032,0.303,0.168,0.076,-0.133,-0.457**,-0.11,0.285,-0.165,-0.192,0.125,0.305,-0.269,-0.058,-0.199,-0.331,-0.379**,0,0.014,0.126,-0.309,-0.076,-0.094,-0.174,-0.388**
N27,-0.157,-0.24,0.193,0.003,0.12,-0.247,0.018,0.289,0.153,0.061,-0.147,-0.472**,-0.125,0.271,-0.18,-0.207,0.11,0.29,-0.284,-0.072,-0.213,-0.345,-0.394*,-0.014,0,0.112,-0.324,-0.091,-0.109,-0.189,-0.402**
N29,-0.269,-0.351,0.081,-0.109,0.009,-0.358,-0.094,0.177,0.042,-0.05,-0.258,-0.583**,-0.236,0.159,-0.291,-0.318,-0.001,0.179,-0.395*,-0.184,-0.325,-0.457*,-0.505**,-0.126,-0.112,0,-0.435*,-0.202,-0.22,-0.3,-0.514**
N30,0.167,0.084,0.517*,0.327*,0.444,0.077,0.341*,0.613**,0.477**,0.385*,0.177,-0.148,0.199,0.595**,0.144,0.117,0.434*,0.614**,0.04,0.251,0.111,-0.022,-0.07,0.309,0.324,0.435*,0,0.233,0.215,0.135,-0.078
N31,-0.066,-0.149,0.284,0.094,0.211,-0.156,0.108,0.379,0.244,0.152,-0.056,-0.381*,-0.034,0.362,-0.089,-0.116,0.201,0.381,-0.193,0.018,-0.122,-0.255,-0.303,0.076,0.091,0.202,-0.233,0,-0.018,-0.098,-0.311
N32,-0.048,-0.131,0.302,0.112,0.229,-0.138,0.126,0.397,0.262,0.17,-0.038,-0.363*,-0.016,0.38,-0.071,-0.098,0.219,0.399,-0.175,0.036,-0.105,-0.237,-0.285,0.094,0.109,0.22,-0.215,0.018,0,-0.08,-0.293*
N8,0.032,-0.051,0.382,0.192,0.309,-0.058,0.206,0.477,0.342,0.25,0.042,-0.283,0.064,0.46,0.009,-0.018,0.299,0.479,-0.095,0.116,-0.024,-0.157,-0.205,0.174,0.189,0.3,-0.135,0.098,0.08,0,-0.213
N9,0.245,0.162,0.595**,0.405**,0.522*,0.155,0.42**,0.691**,0.555**,0.464**,0.255,-0.07,0.277,0.673**,0.222,0.195,0.512**,0.692**,0.118,0.33,0.189,0.057,0.008,0.388**,0.402*,0.514**,0.078,0.311,0.293*,0.213,0
