,I1,I10,I11,I12,I16,I2,I3,I4,I5,I6,I7,I8,I9,N10,N12,N16,N18,N19,N20,N21,N22,N23,N24,N26,N27,N29,N30,N31,N32,N8,N9
I1,0,-0.959,-0.916,-1.153,-0.073,-2.645,0.372,2.601*,-0.872,-0.292,0.097,0.094,-0.131,0.763,-3.879**,-1.611,-1.083,-1.635,-1.766,-2.512,-1.886,0.939,-0.855,-1.267,-0.015,-0.48,-1.007,-1.222,-1.959,2.304,0.034
I10,0.959,0,0.043,-0.194,0.886,-1.686,1.331,3.56**,0.087,0.667,1.056,1.053,0.828,1.722,-2.92,-0.652,-0.124,-0.676,-0.807,-1.553,-0.927,1.898,0.104,-0.308,0.944,0.479,-0.048,-0.263,-1,3.263*,0.993
I11,0.916,-0.043,0,-0.237,0.843,-1.729,1.288,3.517**,0.044,0.624,1.013,1.01,0.785,1.679,-2.963,-0.695,-0.167,-0.719,-0.85,-1.596,-0.97,1.855,0.061,-0.351,0.901,0.436,-0.091,-0.306,-1.043,3.22*,0.95
I12,1.153,0.194,0.237,0,1.08,-1.492,1.525,3.753**,0.28,0.861,1.25,1.247,1.022,1.916,-2.727*,-0.458,0.07,-0.482,-0.614,-1.359,-0.733,2.092,0.298,-0.115,1.138,0.673,0.146,-0.069,-0.807,3.457**,1.187
I16,0.073,-0.886,-0.843,-1.08,0,-2.572,0.445,2.674,-0.799,-0.219,0.17,0.167,-0.058,0.836,-3.806*,-1.538,-1.01,-1.562,-1.693,-2.439,-1.813,1.012,-0.782,-1.194,0.058,-0.407,-0.934,-1.149,-1.886,2.377,0.107
I2,2.645,1.686,1.729,1.492,2.572,0,3.017,5.246**,1.773,2.353,2.742,2.739,2.514,3.408*,-1.234,1.034,1.562,1.01,0.879,0.133,0.759,3.584*,1.79,1.378,2.63,2.165,1.638,1.423,0.685,4.949**,2.679
I3,-0.372,-1.331,-1.288,-1.525,-0.445,-3.017,0,2.229,-1.244,-0.664,-0.275,-0.278,-0.503,0.391,-4.251**,-1.983,-1.455,-2.007,-2.138,-2.884*,-2.258,0.567,-1.227,-1.639,-0.387,-0.852,-1.379,-1.594,-2.332,1.932,-0.338
I4,-2.601*,-3.56**,-3.517**,-3.753**,-2.674,-5.246**,-2.229,0,-3.473**,-2.892*,-2.504*,-2.506,-2.731,-1.838,-6.48**,-4.211**,-3.683**,-4.235**,-4.367**,-5.112**,-4.486**,-1.661,-3.456**,-3.868**,-2.616*,-3.08**,-3.608*,-3.822**,-4.56**,-0.297,-2.566
I5,0.872,-0.087,-0.044,-0.28,0.799,-1.773,1.244,3.473**,0,0.581,0.969,0.966,0.741,1.635,-3.007,-0.738,-0.21,-0.762,-0.894,-1.64,-1.013,1.812,0.017,-0.395,0.857,0.392,-0.135,-0.349,-1.087,3.176,0.907
I6,0.292,-0.667,-0.624,-0.861,0.219,-2.353,0.664,2.892*,-0.581,0,0.389,0.386,0.161,1.055,-3.588**,-1.319,-0.791,-1.343,-1.475,-2.22,-1.594,1.231,-0.563,-0.976,0.277,-0.188,-0.715,-0.93,-1.668,2.596,0.326
I7,-0.097,-1.056,-1.013,-1.25,-0.17,-2.742,0.275,2.504*,-0.969,-0.389,0,-0.003,-0.228,0.666,-3.976**,-1.708,-1.18,-1.732,-1.863,-2.609,-1.983,0.843,-0.952,-1.364,-0.112,-0.577,-1.104,-1.319,-2.056,2.207,-0.063
I8,-0.094,-1.053,-1.01,-1.247,-0.167,-2.739,0.278,2.506,-0.966,-0.386,0.003,0,-0.225,0.669,-3.974*,-1.705,-1.177,-1.729,-1.86,-2.606,-1.98,0.845,-0.949,-1.361,-0.109,-0.574,-1.101,-1.316,-2.054,2.21,-0.06
I9,0.131,-0.828,-0.785,-1.022,0.058,-2.514,0.503,2.731,-0.741,-0.161,0.228,0.225,0,0.894,-3.749**,-1.48,-0.952,-1.504,-1.636,-2.381,-1.755,1.07,-0.724,-1.136,0.116,-0.349,-0.876,-1.091,-1.829,2.435,0.165
N10,-0.763,-1.722,-1.679,-1.916,-0.836,-3.408*,-0.391,1.838,-1.635,-1.055,-0.666,-0.669,-0.894,0,-4.642**,-2.374,-1.846,-2.398,-2.529,-3.275*,-2.649,0.176,-1.618,-2.03,-0.778,-1.243,-1.77,-1.985,-2.722,1.541,-0.729
N12,3.879**,2.92,2.963,2.727*,3.806*,1.234,4.251**,6.48**,3.007,3.588**,3.976**,3.974*,3.749**,4.642**,0,2.269,2.797,2.245,2.113,1.368,1.994,4.819**,3.024,2.612,3.864**,3.4*,2.872,2.658,1.92,6.183**,3.914**
N16,1.611,0.652,0.695,0.458,1.538,-1.034,1.983,4.211**,0.738,1.319,1.708,1.705,1.48,2.374,-2.269,0,0.528,-0.024,-0.156,-0.901,-0.275,2.55,0.756,0.343,1.596,1.131,0.604,0.389,-0.349,3.915*,1.645
N18,1.083,0.124,0.167,-0.07,1.01,-1.562,1.455,3.683**,0.21,0.791,1.18,1.177,0.952,1.846,-2.797,-0.528,0,-0.552,-0.684,-1.429,-0.803,2.022,0.228,-0.185,1.068,0.603,0.076,-0.139,-0.877,3.387*,1.117
N19,1.635,0.676,0.719,0.482,1.562,-1.01,2.007,4.235**,0.762,1.343,1.732,1.729,1.504,2.398,-2.245,0.024,0.552,0,-0.132,-0.877,-0.251,2.574,0.78,0.367,1.62,1.155,0.628,0.413,-0.325,3.939*,1.669
N20,1.766,0.807,0.85,0.614,1.693,-0.879,2.138,4.367**,0.894,1.475,1.863,1.86,1.636,2.529,-2.113,0.156,0.684,0.132,0,-0.745,-0.119,2.706,0.911,0.499,1.751,1.286,0.759,0.545,-0.193,4.07**,1.801
N21,2.512,1.553,1.596,1.359,2.439,-0.133,2.884*,5.112**,1.64,2.22,2.609,2.606,2.381,3.275*,-1.368,0.901,1.429,0.877,0.745,0,0.626,3.451*,1.657,1.245,2.497,2.032,1.505,1.29,0.552,4.816**,2.546
N22,1.886,0.927,0.97,0.733,1.813,-0.759,2.258,4.486**,1.013,1.594,1.983,1.98,1.755,2.649,-1.994,0.275,0.803,0.251,0.119,-0.626,0,2.825,1.031,0.618,1.871,1.406,0.879,0.664,-0.074,4.19**,1.92
N23,-0.939,-1.898,-1.855,-2.092,-1.012,-3.584*,-0.567,1.661,-1.812,-1.231,-0.843,-0.845,-1.07,-0.176,-4.819**,-2.55,-2.022,-2.574,-2.706,-3.451*,-2.825,0,-1.794,-2.207,-0.954,-1.419,-1.946,-2.161,-2.899,1.365,-0.905
N24,0.855,-0.104,-0.061,-0.298,0.782,-1.79,1.227,3.456**,-0.017,0.563,0.952,0.949,0.724,1.618,-3.024,-0.756,-0.228,-0.78,-0.911,-1.657,-1.031,1.794,0,-0.412,0.84,0.375,-0.152,-0.367,-1.104,3.159,0.889
N26,1.267,0.308,0.351,0.115,1.194,-1.378,1.639,3.868**,0.395,0.976,1.364,1.361,1.136,2.03,-2.612,-0.343,0.185,-0.367,-0.499,-1.245,-0.618,2.207,0.412,0,1.252,0.787,0.26,0.046,-0.692,3.571*,1.302
N27,0.015,-0.944,-0.901,-1.138,-0.058,-2.63,0.387,2.616*,-0.857,-0.277,0.112,0.109,-0.116,0.778,-3.864**,-1.596,-1.068,-1.62,-1.751,-2.497,-1.871,0.954,-0.84,-1.252,0,-0.465,-0.992,-1.207,-1.945,2.319,0.049
N29,0.48,-0.479,-0.436,-0.673,0.407,-2.165,0.852,3.08**,-0.392,0.188,0.577,0.574,0.349,1.243,-3.4*,-1.131,-0.603,-1.155,-1.286,-2.032,-1.406,1.419,-0.375,-0.787,0.465,0,-0.527,-0.742,-1.48,2.784,0.514
N30,1.007,0.048,0.091,-0.146,0.934,-1.638,1.379,3.608*,0.135,0.715,1.104,1.101,0.876,1.77,-2.872,-0.604,-0.076,-0.628,-0.759,-1.505,-0.879,1.946,0.152,-0.26,0.992,0.527,0,-0.215,-0.953,3.311,1.041
N31,1.222,0.263,0.306,0.069,1.149,-1.423,1.594,3.822**,0.349,0.93,1.319,1.316,1.091,1.985,-2.658,-0.389,0.139,-0.413,-0.545,-1.29,-0.664,2.161,0.367,-0.046,1.207,0.742,0.215,0,-0.738,3.526*,1.256
N32,1.959,1,1.043,0.807,1.886,-0.685,2.332,4.56**,1.087,1.668,2.056,2.054,1.829,2.722,-1.92,0.349,0.877,0.325,0.193,-0.552,0.074,2.899,1.104,0.692,1.945,1.48,0.953,0.738,0,4.263**,1.994
N8,-2.304,-3.263*,-3.22*,-3.457**,-2.377,-4.949**,-1.932,0.297,-3.176,-2.596,-2.207,-2.21,-2.435,-1.541,-6.183**,-3.915*,-3.387*,-3.939*,-4.07**,-4.816**,-4.19**,-1.365,-3.159,-3.571*,-2.319,-2.784,-3.311,-3.526*,-4.263**,0,-2.27
N9,-0.034,-0.993,-0.95,-1.187,-0.107,-2.679,0.338,2.566,-0.907,-0.326,0.063,0.06,-0.165,0.729,-3.914**,-1.645,-1.117,-1.669,-1.801,-2.546,-1.92,0.905,-0.889,-1.302,-0.049,-0.514,-1.041,-1.256,-1.994,2.27,0
