,I1,I10,I11,I12,I16,I2,I3,I4,I5,I6,I7,I8,I9,N10,N12,N16,N18,N19,N20,N21,N22,N23,N24,N26,N27,N29,N30,N31,N32,N8,N9
I1,0,-0.103,0.265,0.172,0.231,-0.088,0.117,0.401*,0.312,0.246,-0.045,-0.323**,0.062,0.482**,0.008,-0.104,0.267,0.374,-0.124,0.069,-0.138,-0.237,-0.279*,0.087,0.146,0.23,-0.184,0.127,0.058,-0.122,-0.227
I10,0.103,0,0.369,0.276,0.335,0.015,0.22,0.504**,0.415*,0.35,0.059,-0.22,0.165,0.586**,0.112,0,0.37,0.477*,-0.02,0.172,-0.035,-0.134,-0.176,0.19,0.25,0.333,-0.081,0.23,0.162,-0.019,-0.123
I11,-0.265,-0.369,0,-0.093,-0.034,-0.354,-0.149,0.135,0.046,-0.019,-0.31,-0.588**,-0.203,0.217,-0.257,-0.369,0.002,0.108,-0.389*,-0.197,-0.403*,-0.503**,-0.544**,-0.178,-0.119,-0.036,-0.449*,-0.139,-0.207,-0.388,-0.492**
I12,-0.172,-0.276,0.093,0,0.059,-0.261,-0.056,0.228,0.139,0.074,-0.217,-0.495**,-0.111,0.31,-0.164,-0.276,0.094,0.201,-0.296*,-0.104,-0.31*,-0.41**,-0.452**,-0.085,-0.026,0.057,-0.357*,-0.046,-0.114,-0.295,-0.399**
I16,-0.231,-0.335,0.034,-0.059,0,-0.32,-0.114,0.17,0.081,0.015,-0.276,-0.554*,-0.169,0.251,-0.223,-0.335,0.036,0.142,-0.355,-0.163,-0.369,-0.469,-0.51*,-0.144,-0.085,-0.001,-0.415,-0.104,-0.173,-0.353,-0.458
I2,0.088,-0.015,0.354,0.261,0.32,0,0.205,0.489*,0.4,0.335,0.044,-0.235,0.15,0.571**,0.097,-0.015,0.355,0.462*,-0.035,0.157,-0.05,-0.149,-0.191,0.175,0.235,0.318,-0.096,0.215,0.147,-0.034,-0.138
I3,-0.117,-0.22,0.149,0.056,0.114,-0.205,0,0.284,0.195,0.13,-0.162,-0.44**,-0.055,0.365,-0.108,-0.22,0.15,0.257,-0.241,-0.048,-0.255,-0.354*,-0.396**,-0.03,0.03,0.113,-0.301,0.01,-0.058,-0.239,-0.343*
I4,-0.401*,-0.504**,-0.135,-0.228,-0.17,-0.489*,-0.284,0,-0.089,-0.154,-0.445*,-0.724**,-0.339,0.081,-0.392,-0.504*,-0.134,-0.027,-0.524**,-0.332,-0.539**,-0.638**,-0.68**,-0.314,-0.254,-0.171,-0.585**,-0.274,-0.342,-0.523*,-0.627**
I5,-0.312,-0.415*,-0.046,-0.139,-0.081,-0.4,-0.195,0.089,0,-0.065,-0.357,-0.635**,-0.25,0.17,-0.303,-0.415,-0.045,0.062,-0.436**,-0.243,-0.45*,-0.549**,-0.591**,-0.225,-0.165,-0.082,-0.496**,-0.185,-0.253,-0.434,-0.538**
I6,-0.246,-0.35,0.019,-0.074,-0.015,-0.335,-0.13,0.154,0.065,0,-0.291,-0.569**,-0.184,0.236,-0.238,-0.35,0.021,0.127,-0.37*,-0.178,-0.384*,-0.484**,-0.525**,-0.159,-0.1,-0.017,-0.43*,-0.12,-0.188,-0.369,-0.473**
I7,0.045,-0.059,0.31,0.217,0.276,-0.044,0.162,0.445*,0.357,0.291,0,-0.278,0.107,0.527**,0.053,-0.059,0.312,0.418,-0.079,0.113,-0.093,-0.193,-0.234,0.132,0.191,0.274,-0.139,0.171,0.103,-0.078,-0.182
I8,0.323**,0.22,0.588**,0.495**,0.554*,0.235,0.44**,0.724**,0.635**,0.569**,0.278,0,0.385*,0.805**,0.332,0.219,0.59**,0.697**,0.199,0.392*,0.185,0.086,0.044,0.41**,0.469**,0.553**,0.139,0.45**,0.382*,0.201,0.096
I9,-0.062,-0.165,0.203,0.111,0.169,-0.15,0.055,0.339,0.25,0.184,-0.107,-0.385*,0,0.42,-0.053,-0.166,0.205,0.312,-0.186,0.007,-0.2,-0.299,-0.341*,0.025,0.085,0.168,-0.246,0.065,-0.003,-0.184,-0.289
N10,-0.482**,-0.586**,-0.217,-0.31,-0.251,-0.571**,-0.365,-0.081,-0.17,-0.236,-0.527**,-0.805**,-0.42,0,-0.474*,-0.586**,-0.215,-0.109,-0.606**,-0.414,-0.62**,-0.72**,-0.761**,-0.395,-0.336,-0.253,-0.666**,-0.355,-0.424*,-0.604**,-0.709**
N12,-0.008,-0.112,0.257,0.164,0.223,-0.097,0.108,0.392,0.303,0.238,-0.053,-0.332,0.053,0.474*,0,-0.112,0.258,0.365,-0.132,0.06,-0.147,-0.246,-0.288,0.079,0.138,0.221,-0.193,0.118,0.05,-0.131,-0.235
N16,0.104,0,0.369,0.276,0.335,0.015,0.22,0.504*,0.415,0.35,0.059,-0.219,0.166,0.586**,0.112,0,0.37,0.477*,-0.02,0.172,-0.034,-0.134,-0.175,0.191,0.25,0.333,-0.081,0.23,0.162,-0.019,-0.123
N18,-0.267,-0.37,-0.002,-0.094,-0.036,-0.355,-0.15,0.134,0.045,-0.021,-0.312,-0.59**,-0.205,0.215,-0.258,-0.37,0,0.107,-0.391*,-0.198,-0.405*,-0.504**,-0.546**,-0.18,-0.12,-0.037,-0.451*,-0.14,-0.208,-0.389,-0.493**
N19,-0.374,-0.477*,-0.108,-0.201,-0.142,-0.462*,-0.257,0.027,-0.062,-0.127,-0.418,-0.697**,-0.312,0.109,-0.365,-0.477*,-0.107,0,-0.497**,-0.305,-0.512**,-0.611**,-0.653**,-0.286,-0.227,-0.144,-0.558**,-0.247,-0.315,-0.496,-0.6**
N20,0.124,0.02,0.389*,0.296*,0.355,0.035,0.241,0.524**,0.436**,0.37*,0.079,-0.199,0.186,0.606**,0.132,0.02,0.391*,0.497**,0,0.192,-0.014,-0.114,-0.155,0.211,0.27,0.353*,-0.06,0.25,0.182,0.001,-0.103
N21,-0.069,-0.172,0.197,0.104,0.163,-0.157,0.048,0.332,0.243,0.178,-0.113,-0.392*,-0.007,0.414,-0.06,-0.172,0.198,0.305,-0.192,0,-0.207,-0.306,-0.348*,0.019,0.078,0.161,-0.253,0.058,-0.01,-0.191,-0.295
N22,0.138,0.035,0.403*,0.31*,0.369,0.05,0.255,0.539**,0.45*,0.384*,0.093,-0.185,0.2,0.62**,0.147,0.034,0.405*,0.512**,0.014,0.207,0,-0.099,-0.141,0.225,0.284,0.368,-0.046,0.265,0.197,0.016,-0.089
N23,0.237,0.134,0.503**,0.41**,0.469,0.149,0.354*,0.638**,0.549**,0.484**,0.193,-0.086,0.299,0.72**,0.246,0.134,0.504**,0.611**,0.114,0.306,0.099,0,-0.042,0.324*,0.384*,0.467**,0.053,0.364,0.296,0.115,0.011
N24,0.279*,0.176,0.544**,0.452**,0.51*,0.191,0.396**,0.68**,0.591**,0.525**,0.234,-0.044,0.341*,0.761**,0.288,0.175,0.546**,0.653**,0.155,0.348*,0.141,0.042,0,0.366**,0.426**,0.509**,0.095,0.406**,0.338*,0.157,0.053
N26,-0.087,-0.19,0.178,0.085,0.144,-0.175,0.03,0.314,0.225,0.159,-0.132,-0.41**,-0.025,0.395,-0.079,-0.191,0.18,0.286,-0.211,-0.019,-0.225,-0.324*,-0.366**,0,0.059,0.143,-0.271,0.04,-0.029,-0.209,-0.314*
N27,-0.146,-0.25,0.119,0.026,0.085,-0.235,-0.03,0.254,0.165,0.1,-0.191,-0.469**,-0.085,0.336,-0.138,-0.25,0.12,0.227,-0.27,-0.078,-0.284,-0.384*,-0.426**,-0.059,0,0.083,-0.331,-0.02,-0.088,-0.269,-0.373*
N29,-0.23,-0.333,0.036,-0.057,0.001,-0.318,-0.113,0.171,0.082,0.017,-0.274,-0.553**,-0.168,0.253,-0.221,-0.333,0.037,0.144,-0.353*,-0.161,-0.368,-0.467**,-0.509**,-0.143,-0.083,0,-0.414*,-0.103,-0.171,-0.352,-0.456**
N30,0.184,0.081,0.449*,0.357*,0.415,0.096,0.301,0.585**,0.496**,0.43*,0.139,-0.139,0.246,0.666**,0.193,0.081,0.451*,0.558**,0.06,0.253,0.046,-0.053,-0.095,0.271,0.331,0.414*,0,0.311,0.243,0.062,-0.042
N31,-0.127,-0.23,0.139,0.046,0.104,-0.215,-0.01,0.274,0.185,0.12,-0.171,-0.45**,-0.065,0.355,-0.118,-0.23,0.14,0.247,-0.25,-0.058,-0.265,-0.364,-0.406**,-0.04,0.02,0.103,-0.311,0,-0.068,-0.249,-0.353*
N32,-0.058,-0.162,0.207,0.114,0.173,-0.147,0.058,0.342,0.253,0.188,-0.103,-0.382**,0.003,0.424*,-0.05,-0.162,0.208,0.315,-0.182,0.01,-0.197,-0.296,-0.338*,0.029,0.088,0.171,-0.243,0.068,0,-0.181,-0.285
N8,0.122,0.019,0.388,0.295,0.353,0.034,0.239,0.523*,0.434,0.369,0.078,-0.201,0.184,0.604**,0.131,0.019,0.389,0.496,-0.001,0.191,-0.016,-0.115,-0.157,0.209,0.269,0.352,-0.062,0.249,0.181,0,-0.104
N9,0.227,0.123,0.492**,0.399**,0.458,0.138,0.343*,0.627**,0.538**,0.473**,0.182,-0.096,0.289,0.709**,0.235,0.123,0.493**,0.6**,0.103,0.295,0.089,-0.011,-0.053,0.314*,0.373*,0.456**,0.042,0.353*,0.285,0.104,0
